Distance from referent tree vs trees recovered from intact and reduced noise multialignment
6.00 	 6.00
10.00 	 10.00
8.00 	 8.00
0.00 	 10.00
4.00 	 2.00
10.00 	 10.00
6.00 	 6.00
2.00 	 0.00
4.00 	 4.00
8.00 	 6.00
0.00 	 2.00
14.00 	 8.00
2.00 	 2.00
12.00 	 6.00
2.00 	 2.00
12.00 	 12.00
6.00 	 6.00
2.00 	 2.00
6.00 	 8.00
6.00 	 6.00
8.00 	 10.00
2.00 	 4.00
8.00 	 8.00
6.00 	 6.00
4.00 	 6.00
4.00 	 6.00
6.00 	 6.00
6.00 	 6.00
2.00 	 2.00
6.00 	 4.00
8.00 	 6.00
12.00 	 12.00
12.00 	 12.00
4.00 	 4.00
6.00 	 4.00
6.00 	 6.00
14.00 	 4.00
4.00 	 8.00
6.00 	 6.00
4.00 	 4.00
8.00 	 10.00
8.00 	 8.00
10.00 	 10.00
8.00 	 10.00
10.00 	 12.00
10.00 	 2.00
2.00 	 2.00
6.00 	 6.00
6.00 	 4.00
6.00 	 10.00
10.00 	 10.00
6.00 	 6.00
6.00 	 8.00
4.00 	 2.00
2.00 	 4.00
4.00 	 6.00
8.00 	 8.00
4.00 	 6.00
8.00 	 8.00
14.00 	 14.00
4.00 	 6.00
8.00 	 6.00
10.00 	 8.00
10.00 	 6.00
10.00 	 6.00
2.00 	 2.00
6.00 	 10.00
10.00 	 12.00
2.00 	 0.00
12.00 	 10.00
8.00 	 6.00
8.00 	 8.00
8.00 	 8.00
8.00 	 10.00
8.00 	 6.00
2.00 	 2.00
8.00 	 10.00
6.00 	 6.00
4.00 	 6.00
4.00 	 4.00
2.00 	 2.00
10.00 	 8.00
10.00 	 8.00
10.00 	 10.00
14.00 	 14.00
12.00 	 10.00
4.00 	 6.00
2.00 	 0.00
10.00 	 10.00
8.00 	 8.00
12.00 	 8.00
8.00 	 8.00
8.00 	 10.00
10.00 	 10.00
6.00 	 6.00
10.00 	 10.00
6.00 	 6.00
10.00 	 8.00
6.00 	 6.00
10.00 	 10.00
10.00 	 10.00
2.00 	 6.00
8.00 	 6.00
6.00 	 4.00
6.00 	 4.00
8.00 	 6.00
6.00 	 4.00
6.00 	 6.00
6.00 	 4.00
8.00 	 8.00
10.00 	 6.00
10.00 	 10.00
6.00 	 6.00
8.00 	 6.00
4.00 	 4.00
4.00 	 4.00
6.00 	 4.00
10.00 	 8.00
2.00 	 0.00
16.00 	 12.00
4.00 	 2.00
2.00 	 4.00
6.00 	 6.00
8.00 	 8.00
4.00 	 4.00
2.00 	 2.00
10.00 	 8.00
4.00 	 6.00
8.00 	 6.00
8.00 	 6.00
2.00 	 2.00
8.00 	 6.00
4.00 	 4.00
6.00 	 4.00
10.00 	 6.00
4.00 	 4.00
10.00 	 4.00
10.00 	 12.00
8.00 	 6.00
4.00 	 4.00
12.00 	 10.00
8.00 	 8.00
12.00 	 10.00
6.00 	 4.00
8.00 	 8.00
10.00 	 8.00
14.00 	 14.00
4.00 	 10.00
10.00 	 4.00
10.00 	 10.00
4.00 	 4.00
14.00 	 8.00
8.00 	 6.00
2.00 	 2.00
8.00 	 8.00
6.00 	 8.00
12.00 	 12.00
6.00 	 6.00
12.00 	 16.00
12.00 	 8.00
10.00 	 10.00
10.00 	 8.00
8.00 	 8.00
10.00 	 6.00
10.00 	 10.00
6.00 	 8.00
6.00 	 6.00
10.00 	 8.00
2.00 	 6.00
4.00 	 2.00
10.00 	 10.00
8.00 	 10.00
10.00 	 10.00
10.00 	 10.00
6.00 	 6.00
4.00 	 4.00
10.00 	 10.00
10.00 	 10.00
6.00 	 8.00
6.00 	 8.00
4.00 	 4.00
6.00 	 6.00
4.00 	 4.00
12.00 	 10.00
6.00 	 8.00
6.00 	 4.00
10.00 	 10.00
6.00 	 6.00
6.00 	 4.00
2.00 	 2.00
10.00 	 10.00
6.00 	 8.00
2.00 	 8.00
10.00 	 8.00
4.00 	 4.00
4.00 	 4.00
6.00 	 8.00
14.00 	 12.00
8.00 	 10.00
4.00 	 4.00
10.00 	 10.00
8.00 	 6.00
6.00 	 6.00
2.00 	 2.00
4.00 	 8.00
10.00 	 10.00
8.00 	 8.00
4.00 	 2.00
6.00 	 6.00
6.00 	 8.00
6.00 	 8.00
6.00 	 6.00
6.00 	 6.00
10.00 	 10.00
8.00 	 4.00
4.00 	 4.00
10.00 	 10.00
10.00 	 10.00
8.00 	 4.00
8.00 	 8.00
6.00 	 6.00
2.00 	 2.00
2.00 	 4.00
4.00 	 2.00
4.00 	 4.00
2.00 	 2.00
8.00 	 6.00
6.00 	 6.00
10.00 	 6.00
6.00 	 6.00
10.00 	 4.00
12.00 	 12.00
6.00 	 4.00
6.00 	 6.00
10.00 	 10.00
4.00 	 2.00
8.00 	 8.00
2.00 	 2.00
8.00 	 8.00
2.00 	 2.00
4.00 	 8.00
8.00 	 8.00
6.00 	 6.00
10.00 	 10.00
10.00 	 8.00
6.00 	 4.00
10.00 	 8.00
10.00 	 10.00
12.00 	 12.00
4.00 	 6.00
10.00 	 4.00
6.00 	 6.00
8.00 	 8.00
4.00 	 4.00
10.00 	 8.00
2.00 	 4.00
2.00 	 6.00
6.00 	 6.00
2.00 	 4.00
10.00 	 8.00
10.00 	 10.00
10.00 	 10.00
10.00 	 6.00
4.00 	 4.00
10.00 	 2.00
4.00 	 4.00
12.00 	 12.00
6.00 	 8.00
10.00 	 10.00
8.00 	 6.00
2.00 	 2.00
10.00 	 8.00
10.00 	 4.00
0.00 	 2.00
10.00 	 12.00
6.00 	 4.00
6.00 	 4.00
8.00 	 10.00
4.00 	 4.00
4.00 	 6.00
8.00 	 8.00
8.00 	 8.00
10.00 	 8.00
6.00 	 8.00
0.00 	 0.00
2.00 	 2.00
10.00 	 10.00
6.00 	 2.00
8.00 	 6.00
4.00 	 0.00
2.00 	 4.00
8.00 	 6.00
6.00 	 8.00
4.00 	 2.00
4.00 	 4.00
6.00 	 6.00
12.00 	 6.00
8.00 	 6.00
6.00 	 6.00
6.00 	 4.00
Number of tree compared: 300
Times that reduced noise process make it worse: 58
Average distance from referent tree to recovered tree: 6.960000
Average distance from referent tree to reduced noise tree: 6.540000
