Distance from referent tree vs trees recovered from intact and reduced noise multialignment
14.00 	 12.00
12.00 	 12.00
10.00 	 10.00
10.00 	 8.00
14.00 	 14.00
14.00 	 14.00
12.00 	 10.00
6.00 	 6.00
10.00 	 8.00
10.00 	 10.00
16.00 	 16.00
12.00 	 12.00
12.00 	 12.00
18.00 	 18.00
16.00 	 14.00
16.00 	 14.00
12.00 	 14.00
6.00 	 8.00
12.00 	 10.00
12.00 	 12.00
14.00 	 10.00
12.00 	 16.00
14.00 	 10.00
6.00 	 8.00
16.00 	 16.00
10.00 	 6.00
10.00 	 10.00
10.00 	 14.00
18.00 	 18.00
8.00 	 8.00
10.00 	 10.00
12.00 	 12.00
16.00 	 18.00
10.00 	 8.00
14.00 	 14.00
18.00 	 18.00
10.00 	 10.00
16.00 	 16.00
10.00 	 8.00
10.00 	 12.00
12.00 	 12.00
16.00 	 14.00
12.00 	 12.00
20.00 	 20.00
18.00 	 10.00
12.00 	 10.00
8.00 	 8.00
18.00 	 18.00
12.00 	 14.00
18.00 	 18.00
8.00 	 10.00
20.00 	 18.00
14.00 	 12.00
14.00 	 14.00
18.00 	 16.00
14.00 	 14.00
20.00 	 20.00
14.00 	 14.00
14.00 	 14.00
10.00 	 10.00
10.00 	 12.00
10.00 	 10.00
12.00 	 12.00
12.00 	 12.00
20.00 	 20.00
10.00 	 8.00
8.00 	 8.00
8.00 	 10.00
12.00 	 14.00
14.00 	 14.00
12.00 	 12.00
12.00 	 12.00
6.00 	 6.00
6.00 	 10.00
16.00 	 14.00
18.00 	 18.00
16.00 	 16.00
10.00 	 10.00
8.00 	 8.00
20.00 	 20.00
12.00 	 12.00
14.00 	 18.00
12.00 	 12.00
18.00 	 18.00
10.00 	 10.00
10.00 	 16.00
14.00 	 16.00
10.00 	 10.00
10.00 	 10.00
12.00 	 12.00
16.00 	 16.00
6.00 	 8.00
8.00 	 8.00
14.00 	 14.00
10.00 	 10.00
10.00 	 10.00
12.00 	 8.00
14.00 	 8.00
10.00 	 8.00
10.00 	 12.00
4.00 	 4.00
18.00 	 18.00
8.00 	 8.00
12.00 	 10.00
10.00 	 12.00
12.00 	 12.00
12.00 	 12.00
18.00 	 18.00
16.00 	 16.00
18.00 	 18.00
10.00 	 10.00
6.00 	 10.00
12.00 	 12.00
10.00 	 12.00
12.00 	 10.00
18.00 	 16.00
12.00 	 10.00
16.00 	 16.00
8.00 	 6.00
8.00 	 10.00
16.00 	 16.00
12.00 	 12.00
14.00 	 14.00
18.00 	 10.00
10.00 	 10.00
10.00 	 8.00
12.00 	 10.00
10.00 	 12.00
10.00 	 8.00
14.00 	 12.00
12.00 	 8.00
18.00 	 18.00
10.00 	 10.00
10.00 	 10.00
12.00 	 8.00
16.00 	 16.00
14.00 	 14.00
10.00 	 10.00
12.00 	 12.00
6.00 	 16.00
10.00 	 10.00
18.00 	 20.00
12.00 	 12.00
10.00 	 12.00
6.00 	 6.00
12.00 	 12.00
10.00 	 10.00
12.00 	 12.00
10.00 	 6.00
12.00 	 14.00
8.00 	 8.00
10.00 	 12.00
14.00 	 14.00
12.00 	 14.00
14.00 	 14.00
8.00 	 6.00
10.00 	 12.00
14.00 	 14.00
10.00 	 10.00
14.00 	 14.00
12.00 	 12.00
14.00 	 14.00
14.00 	 16.00
10.00 	 12.00
10.00 	 12.00
10.00 	 10.00
18.00 	 16.00
14.00 	 14.00
10.00 	 8.00
16.00 	 16.00
12.00 	 12.00
22.00 	 14.00
12.00 	 12.00
6.00 	 8.00
10.00 	 10.00
16.00 	 16.00
12.00 	 12.00
14.00 	 14.00
10.00 	 14.00
8.00 	 8.00
12.00 	 10.00
8.00 	 8.00
12.00 	 10.00
12.00 	 10.00
10.00 	 10.00
14.00 	 12.00
12.00 	 12.00
10.00 	 8.00
12.00 	 12.00
12.00 	 10.00
10.00 	 10.00
14.00 	 14.00
10.00 	 10.00
12.00 	 12.00
12.00 	 12.00
12.00 	 12.00
10.00 	 10.00
14.00 	 14.00
12.00 	 14.00
16.00 	 16.00
18.00 	 18.00
20.00 	 16.00
12.00 	 12.00
20.00 	 18.00
8.00 	 10.00
14.00 	 14.00
16.00 	 16.00
8.00 	 8.00
16.00 	 16.00
14.00 	 12.00
16.00 	 16.00
14.00 	 8.00
12.00 	 14.00
16.00 	 12.00
16.00 	 16.00
10.00 	 16.00
10.00 	 10.00
10.00 	 10.00
14.00 	 14.00
18.00 	 18.00
14.00 	 16.00
16.00 	 12.00
20.00 	 18.00
14.00 	 12.00
16.00 	 12.00
16.00 	 16.00
12.00 	 14.00
18.00 	 10.00
10.00 	 12.00
12.00 	 6.00
14.00 	 14.00
6.00 	 6.00
12.00 	 12.00
6.00 	 6.00
10.00 	 10.00
12.00 	 12.00
12.00 	 10.00
12.00 	 12.00
6.00 	 8.00
12.00 	 8.00
16.00 	 16.00
14.00 	 14.00
16.00 	 14.00
10.00 	 10.00
8.00 	 10.00
14.00 	 12.00
6.00 	 4.00
18.00 	 18.00
6.00 	 8.00
6.00 	 6.00
8.00 	 6.00
8.00 	 8.00
18.00 	 16.00
4.00 	 2.00
18.00 	 16.00
8.00 	 8.00
14.00 	 12.00
16.00 	 14.00
18.00 	 16.00
8.00 	 8.00
10.00 	 10.00
12.00 	 6.00
12.00 	 12.00
12.00 	 12.00
12.00 	 10.00
20.00 	 20.00
14.00 	 8.00
10.00 	 8.00
10.00 	 10.00
8.00 	 8.00
10.00 	 10.00
10.00 	 12.00
10.00 	 8.00
16.00 	 14.00
10.00 	 10.00
14.00 	 14.00
14.00 	 8.00
14.00 	 14.00
14.00 	 10.00
12.00 	 10.00
14.00 	 12.00
10.00 	 14.00
12.00 	 12.00
14.00 	 14.00
14.00 	 14.00
10.00 	 10.00
12.00 	 10.00
12.00 	 12.00
8.00 	 12.00
12.00 	 10.00
8.00 	 6.00
14.00 	 14.00
18.00 	 16.00
12.00 	 12.00
8.00 	 8.00
16.00 	 14.00
12.00 	 14.00
14.00 	 14.00
8.00 	 10.00
14.00 	 12.00
Number of tree compared: 300
Times that reduced noise process make it worse: 50
Average distance from referent tree to recovered tree: 12.340000
Average distance from referent tree to reduced noise tree: 11.966667
